(kicad_pcb (version 4) (host pcbnew "(2015-06-18 BZR 5767)-product")

  (general
    (links 108)
    (no_connects 0)
    (area 224.949999 19.949999 275.050001 70.050001)
    (thickness 1.6)
    (drawings 8)
    (tracks 406)
    (zones 0)
    (modules 40)
    (nets 36)
  )

  (page A4)
  (layers
    (0 F.Cu signal hide)
    (31 B.Cu signal hide)
    (32 B.Adhes user)
    (33 F.Adhes user)
    (34 B.Paste user)
    (35 F.Paste user)
    (36 B.SilkS user)
    (37 F.SilkS user)
    (38 B.Mask user)
    (39 F.Mask user)
    (40 Dwgs.User user)
    (41 Cmts.User user)
    (42 Eco1.User user)
    (43 Eco2.User user)
    (44 Edge.Cuts user)
    (45 Margin user)
    (46 B.CrtYd user)
    (47 F.CrtYd user)
    (48 B.Fab user)
    (49 F.Fab user)
  )

  (setup
    (last_trace_width 0.8)
    (user_trace_width 0.8)
    (trace_clearance 0.2)
    (zone_clearance 0.508)
    (zone_45_only no)
    (trace_min 0.2)
    (segment_width 0.2)
    (edge_width 0.1)
    (via_size 0.7)
    (via_drill 0.5)
    (via_min_size 0.4)
    (via_min_drill 0.3)
    (user_via 1.1 0.8)
    (uvia_size 0.3)
    (uvia_drill 0.1)
    (uvias_allowed no)
    (uvia_min_size 0.2)
    (uvia_min_drill 0.1)
    (pcb_text_width 0.3)
    (pcb_text_size 1.5 1.5)
    (mod_edge_width 0.15)
    (mod_text_size 1 1)
    (mod_text_width 0.15)
    (pad_size 5.99948 5.99948)
    (pad_drill 3.2)
    (pad_to_mask_clearance 0.15)
    (solder_mask_min_width 0.12)
    (aux_axis_origin 225 20)
    (visible_elements FFFE7FBF)
    (pcbplotparams
      (layerselection 0x00030_80000001)
      (usegerberextensions false)
      (excludeedgelayer true)
      (linewidth 0.100000)
      (plotframeref false)
      (viasonmask false)
      (mode 1)
      (useauxorigin false)
      (hpglpennumber 1)
      (hpglpenspeed 20)
      (hpglpendiameter 15)
      (hpglpenoverlay 2)
      (psnegative false)
      (psa4output false)
      (plotreference true)
      (plotvalue true)
      (plotinvisibletext false)
      (padsonsilk false)
      (subtractmaskfromsilk false)
      (outputformat 1)
      (mirror false)
      (drillshape 0)
      (scaleselection 1)
      (outputdirectory ""))
  )

  (net 0 "")
  (net 1 GND)
  (net 2 "Net-(C1-Pad2)")
  (net 3 "Net-(C2-Pad1)")
  (net 4 "Net-(C2-Pad2)")
  (net 5 "Net-(C3-Pad1)")
  (net 6 "Net-(C3-Pad2)")
  (net 7 "Net-(C4-Pad2)")
  (net 8 "Net-(C5-Pad2)")
  (net 9 "Net-(C6-Pad1)")
  (net 10 VDD)
  (net 11 "Net-(C8-Pad1)")
  (net 12 "Net-(C10-Pad1)")
  (net 13 "Net-(C11-Pad1)")
  (net 14 "Net-(C13-Pad1)")
  (net 15 "Net-(C14-Pad1)")
  (net 16 "Net-(C17-Pad1)")
  (net 17 "Net-(IC1-Pad1)")
  (net 18 "Net-(IC1-Pad2)")
  (net 19 "Net-(IC1-Pad3)")
  (net 20 /RST)
  (net 21 /SCLK)
  (net 22 /SDA)
  (net 23 "Net-(IC2-Pad1)")
  (net 24 "Net-(IC2-Pad2)")
  (net 25 "Net-(IC2-Pad3)")
  (net 26 "Net-(MCU1-Pad1)")
  (net 27 "Net-(MCU1-Pad5)")
  (net 28 "Net-(MCU1-Pad16)")
  (net 29 "Net-(MCU1-Pad21)")
  (net 30 "Net-(MCU1-Pad22)")
  (net 31 "Net-(MCU1-Pad24)")
  (net 32 /DFS)
  (net 33 /DOUT_B)
  (net 34 /DOUT_A)
  (net 35 /DCLK)

  (net_class Default "This is the default net class."
    (clearance 0.2)
    (trace_width 0.3)
    (via_dia 0.7)
    (via_drill 0.5)
    (uvia_dia 0.3)
    (uvia_drill 0.1)
    (add_net /DCLK)
    (add_net /DFS)
    (add_net /DOUT_A)
    (add_net /DOUT_B)
    (add_net /RST)
    (add_net /SCLK)
    (add_net /SDA)
    (add_net GND)
    (add_net "Net-(C1-Pad2)")
    (add_net "Net-(C10-Pad1)")
    (add_net "Net-(C11-Pad1)")
    (add_net "Net-(C13-Pad1)")
    (add_net "Net-(C14-Pad1)")
    (add_net "Net-(C17-Pad1)")
    (add_net "Net-(C2-Pad1)")
    (add_net "Net-(C2-Pad2)")
    (add_net "Net-(C3-Pad1)")
    (add_net "Net-(C3-Pad2)")
    (add_net "Net-(C4-Pad2)")
    (add_net "Net-(C5-Pad2)")
    (add_net "Net-(C6-Pad1)")
    (add_net "Net-(C8-Pad1)")
    (add_net "Net-(IC1-Pad1)")
    (add_net "Net-(IC1-Pad2)")
    (add_net "Net-(IC1-Pad3)")
    (add_net "Net-(IC2-Pad1)")
    (add_net "Net-(IC2-Pad2)")
    (add_net "Net-(IC2-Pad3)")
    (add_net "Net-(MCU1-Pad1)")
    (add_net "Net-(MCU1-Pad16)")
    (add_net "Net-(MCU1-Pad21)")
    (add_net "Net-(MCU1-Pad22)")
    (add_net "Net-(MCU1-Pad24)")
    (add_net "Net-(MCU1-Pad5)")
    (add_net VDD)
  )

  (net_class Power ""
    (clearance 0.5)
    (trace_width 1)
    (via_dia 1)
    (via_drill 0.8)
    (uvia_dia 0.3)
    (uvia_drill 0.1)
  )

  (module Capacitors_SMD:C_1206_HandSoldering placed (layer F.Cu) (tedit 561923A8) (tstamp 558047CA)
    (at 227.584 63.5 90)
    (descr "Capacitor SMD 1206, hand soldering")
    (tags "capacitor 1206")
    (path /55709F38)
    (attr smd)
    (fp_text reference C1 (at -4.318 0 180) (layer F.SilkS)
      (effects (font (size 1 1) (thickness 0.15)))
    )
    (fp_text value 100nF (at 0 2.3 90) (layer F.Fab)
      (effects (font (size 1 1) (thickness 0.15)))
    )
    (fp_line (start -3.3 -1.15) (end 3.3 -1.15) (layer F.CrtYd) (width 0.05))
    (fp_line (start -3.3 1.15) (end 3.3 1.15) (layer F.CrtYd) (width 0.05))
    (fp_line (start -3.3 -1.15) (end -3.3 1.15) (layer F.CrtYd) (width 0.05))
    (fp_line (start 3.3 -1.15) (end 3.3 1.15) (layer F.CrtYd) (width 0.05))
    (fp_line (start 1 -1.025) (end -1 -1.025) (layer F.SilkS) (width 0.15))
    (fp_line (start -1 1.025) (end 1 1.025) (layer F.SilkS) (width 0.15))
    (pad 1 smd rect (at -2 0 90) (size 2 1.6) (layers F.Cu F.Paste F.Mask)
      (net 1 GND))
    (pad 2 smd rect (at 2 0 90) (size 2 1.6) (layers F.Cu F.Paste F.Mask)
      (net 2 "Net-(C1-Pad2)"))
    (model Capacitors_SMD.3dshapes/C_1206_HandSoldering.wrl
      (at (xyz 0 0 0))
      (scale (xyz 1 1 1))
      (rotate (xyz 0 0 0))
    )
  )

  (module Capacitors_SMD:C_1206_HandSoldering placed (layer F.Cu) (tedit 561924E7) (tstamp 558047D6)
    (at 231.1524 49.548 270)
    (descr "Capacitor SMD 1206, hand soldering")
    (tags "capacitor 1206")
    (path /5570063A)
    (attr smd)
    (fp_text reference C2 (at -5.86 0.0124 270) (layer F.SilkS)
      (effects (font (size 1 1) (thickness 0.15)))
    )
    (fp_text value 1nF (at 0 2.3 270) (layer F.Fab)
      (effects (font (size 1 1) (thickness 0.15)))
    )
    (fp_line (start -3.3 -1.15) (end 3.3 -1.15) (layer F.CrtYd) (width 0.05))
    (fp_line (start -3.3 1.15) (end 3.3 1.15) (layer F.CrtYd) (width 0.05))
    (fp_line (start -3.3 -1.15) (end -3.3 1.15) (layer F.CrtYd) (width 0.05))
    (fp_line (start 3.3 -1.15) (end 3.3 1.15) (layer F.CrtYd) (width 0.05))
    (fp_line (start 1 -1.025) (end -1 -1.025) (layer F.SilkS) (width 0.15))
    (fp_line (start -1 1.025) (end 1 1.025) (layer F.SilkS) (width 0.15))
    (pad 1 smd rect (at -2 0 270) (size 2 1.6) (layers F.Cu F.Paste F.Mask)
      (net 3 "Net-(C2-Pad1)"))
    (pad 2 smd rect (at 2 0 270) (size 2 1.6) (layers F.Cu F.Paste F.Mask)
      (net 4 "Net-(C2-Pad2)"))
    (model Capacitors_SMD.3dshapes/C_1206_HandSoldering.wrl
      (at (xyz 0 0 0))
      (scale (xyz 1 1 1))
      (rotate (xyz 0 0 0))
    )
  )

  (module Capacitors_SMD:C_1206_HandSoldering placed (layer F.Cu) (tedit 561924E5) (tstamp 558047E2)
    (at 227.076 49.53 270)
    (descr "Capacitor SMD 1206, hand soldering")
    (tags "capacitor 1206")
    (path /55700634)
    (attr smd)
    (fp_text reference C3 (at -5.842 0 270) (layer F.SilkS)
      (effects (font (size 1 1) (thickness 0.15)))
    )
    (fp_text value 470nF (at 0 2.3 270) (layer F.Fab)
      (effects (font (size 1 1) (thickness 0.15)))
    )
    (fp_line (start -3.3 -1.15) (end 3.3 -1.15) (layer F.CrtYd) (width 0.05))
    (fp_line (start -3.3 1.15) (end 3.3 1.15) (layer F.CrtYd) (width 0.05))
    (fp_line (start -3.3 -1.15) (end -3.3 1.15) (layer F.CrtYd) (width 0.05))
    (fp_line (start 3.3 -1.15) (end 3.3 1.15) (layer F.CrtYd) (width 0.05))
    (fp_line (start 1 -1.025) (end -1 -1.025) (layer F.SilkS) (width 0.15))
    (fp_line (start -1 1.025) (end 1 1.025) (layer F.SilkS) (width 0.15))
    (pad 1 smd rect (at -2 0 270) (size 2 1.6) (layers F.Cu F.Paste F.Mask)
      (net 5 "Net-(C3-Pad1)"))
    (pad 2 smd rect (at 2 0 270) (size 2 1.6) (layers F.Cu F.Paste F.Mask)
      (net 6 "Net-(C3-Pad2)"))
    (model Capacitors_SMD.3dshapes/C_1206_HandSoldering.wrl
      (at (xyz 0 0 0))
      (scale (xyz 1 1 1))
      (rotate (xyz 0 0 0))
    )
  )

  (module Capacitors_SMD:C_1206_HandSoldering placed (layer B.Cu) (tedit 561921AE) (tstamp 558047EE)
    (at 231.1524 40.548 90)
    (descr "Capacitor SMD 1206, hand soldering")
    (tags "capacitor 1206")
    (path /556FFE25)
    (attr smd)
    (fp_text reference C4 (at 4.48 -0.0124 90) (layer B.SilkS)
      (effects (font (size 1 1) (thickness 0.15)) (justify mirror))
    )
    (fp_text value 1nF (at 0 -2.3 90) (layer B.Fab)
      (effects (font (size 1 1) (thickness 0.15)) (justify mirror))
    )
    (fp_line (start -3.3 1.15) (end 3.3 1.15) (layer B.CrtYd) (width 0.05))
    (fp_line (start -3.3 -1.15) (end 3.3 -1.15) (layer B.CrtYd) (width 0.05))
    (fp_line (start -3.3 1.15) (end -3.3 -1.15) (layer B.CrtYd) (width 0.05))
    (fp_line (start 3.3 1.15) (end 3.3 -1.15) (layer B.CrtYd) (width 0.05))
    (fp_line (start 1 1.025) (end -1 1.025) (layer B.SilkS) (width 0.15))
    (fp_line (start -1 -1.025) (end 1 -1.025) (layer B.SilkS) (width 0.15))
    (pad 1 smd rect (at -2 0 90) (size 2 1.6) (layers B.Cu B.Paste B.Mask)
      (net 3 "Net-(C2-Pad1)"))
    (pad 2 smd rect (at 2 0 90) (size 2 1.6) (layers B.Cu B.Paste B.Mask)
      (net 7 "Net-(C4-Pad2)"))
    (model Capacitors_SMD.3dshapes/C_1206_HandSoldering.wrl
      (at (xyz 0 0 0))
      (scale (xyz 1 1 1))
      (rotate (xyz 0 0 0))
    )
  )

  (module Capacitors_SMD:C_1206_HandSoldering placed (layer B.Cu) (tedit 5619219E) (tstamp 558047FA)
    (at 227.076 40.64 90)
    (descr "Capacitor SMD 1206, hand soldering")
    (tags "capacitor 1206")
    (path /556FFD46)
    (attr smd)
    (fp_text reference C5 (at 4.572 0 90) (layer B.SilkS)
      (effects (font (size 1 1) (thickness 0.15)) (justify mirror))
    )
    (fp_text value 470nF (at 0 -2.3 90) (layer B.Fab)
      (effects (font (size 1 1) (thickness 0.15)) (justify mirror))
    )
    (fp_line (start -3.3 1.15) (end 3.3 1.15) (layer B.CrtYd) (width 0.05))
    (fp_line (start -3.3 -1.15) (end 3.3 -1.15) (layer B.CrtYd) (width 0.05))
    (fp_line (start -3.3 1.15) (end -3.3 -1.15) (layer B.CrtYd) (width 0.05))
    (fp_line (start 3.3 1.15) (end 3.3 -1.15) (layer B.CrtYd) (width 0.05))
    (fp_line (start 1 1.025) (end -1 1.025) (layer B.SilkS) (width 0.15))
    (fp_line (start -1 -1.025) (end 1 -1.025) (layer B.SilkS) (width 0.15))
    (pad 1 smd rect (at -2 0 90) (size 2 1.6) (layers B.Cu B.Paste B.Mask)
      (net 5 "Net-(C3-Pad1)"))
    (pad 2 smd rect (at 2 0 90) (size 2 1.6) (layers B.Cu B.Paste B.Mask)
      (net 8 "Net-(C5-Pad2)"))
    (model Capacitors_SMD.3dshapes/C_1206_HandSoldering.wrl
      (at (xyz 0 0 0))
      (scale (xyz 1 1 1))
      (rotate (xyz 0 0 0))
    )
  )

  (module Capacitors_SMD:C_1206_HandSoldering placed (layer F.Cu) (tedit 561923A5) (tstamp 55804806)
    (at 240.792 61.976 270)
    (descr "Capacitor SMD 1206, hand soldering")
    (tags "capacitor 1206")
    (path /556F7F27)
    (attr smd)
    (fp_text reference C6 (at 4.318 0 360) (layer F.SilkS)
      (effects (font (size 1 1) (thickness 0.15)))
    )
    (fp_text value 22pF (at 0 2.3 270) (layer F.Fab)
      (effects (font (size 1 1) (thickness 0.15)))
    )
    (fp_line (start -3.3 -1.15) (end 3.3 -1.15) (layer F.CrtYd) (width 0.05))
    (fp_line (start -3.3 1.15) (end 3.3 1.15) (layer F.CrtYd) (width 0.05))
    (fp_line (start -3.3 -1.15) (end -3.3 1.15) (layer F.CrtYd) (width 0.05))
    (fp_line (start 3.3 -1.15) (end 3.3 1.15) (layer F.CrtYd) (width 0.05))
    (fp_line (start 1 -1.025) (end -1 -1.025) (layer F.SilkS) (width 0.15))
    (fp_line (start -1 1.025) (end 1 1.025) (layer F.SilkS) (width 0.15))
    (pad 1 smd rect (at -2 0 270) (size 2 1.6) (layers F.Cu F.Paste F.Mask)
      (net 9 "Net-(C6-Pad1)"))
    (pad 2 smd rect (at 2 0 270) (size 2 1.6) (layers F.Cu F.Paste F.Mask)
      (net 10 VDD))
    (model Capacitors_SMD.3dshapes/C_1206_HandSoldering.wrl
      (at (xyz 0 0 0))
      (scale (xyz 1 1 1))
      (rotate (xyz 0 0 0))
    )
  )

  (module Capacitors_SMD:C_1206_HandSoldering placed (layer F.Cu) (tedit 541A9C03) (tstamp 55804812)
    (at 235.966 64.262 180)
    (descr "Capacitor SMD 1206, hand soldering")
    (tags "capacitor 1206")
    (path /556F7F36)
    (attr smd)
    (fp_text reference C7 (at 0 -2.3 180) (layer F.SilkS)
      (effects (font (size 1 1) (thickness 0.15)))
    )
    (fp_text value 100nF (at 0 2.3 180) (layer F.Fab)
      (effects (font (size 1 1) (thickness 0.15)))
    )
    (fp_line (start -3.3 -1.15) (end 3.3 -1.15) (layer F.CrtYd) (width 0.05))
    (fp_line (start -3.3 1.15) (end 3.3 1.15) (layer F.CrtYd) (width 0.05))
    (fp_line (start -3.3 -1.15) (end -3.3 1.15) (layer F.CrtYd) (width 0.05))
    (fp_line (start 3.3 -1.15) (end 3.3 1.15) (layer F.CrtYd) (width 0.05))
    (fp_line (start 1 -1.025) (end -1 -1.025) (layer F.SilkS) (width 0.15))
    (fp_line (start -1 1.025) (end 1 1.025) (layer F.SilkS) (width 0.15))
    (pad 1 smd rect (at -2 0 180) (size 2 1.6) (layers F.Cu F.Paste F.Mask)
      (net 10 VDD))
    (pad 2 smd rect (at 2 0 180) (size 2 1.6) (layers F.Cu F.Paste F.Mask)
      (net 1 GND))
    (model Capacitors_SMD.3dshapes/C_1206_HandSoldering.wrl
      (at (xyz 0 0 0))
      (scale (xyz 1 1 1))
      (rotate (xyz 0 0 0))
    )
  )

  (module Capacitors_SMD:C_1206_HandSoldering placed (layer B.Cu) (tedit 541A9C03) (tstamp 5580481E)
    (at 236.474 24.638 180)
    (descr "Capacitor SMD 1206, hand soldering")
    (tags "capacitor 1206")
    (path /556F1D7F)
    (attr smd)
    (fp_text reference C8 (at 0 2.3 180) (layer B.SilkS)
      (effects (font (size 1 1) (thickness 0.15)) (justify mirror))
    )
    (fp_text value 22pF (at 0 -2.3 180) (layer B.Fab)
      (effects (font (size 1 1) (thickness 0.15)) (justify mirror))
    )
    (fp_line (start -3.3 1.15) (end 3.3 1.15) (layer B.CrtYd) (width 0.05))
    (fp_line (start -3.3 -1.15) (end 3.3 -1.15) (layer B.CrtYd) (width 0.05))
    (fp_line (start -3.3 1.15) (end -3.3 -1.15) (layer B.CrtYd) (width 0.05))
    (fp_line (start 3.3 1.15) (end 3.3 -1.15) (layer B.CrtYd) (width 0.05))
    (fp_line (start 1 1.025) (end -1 1.025) (layer B.SilkS) (width 0.15))
    (fp_line (start -1 -1.025) (end 1 -1.025) (layer B.SilkS) (width 0.15))
    (pad 1 smd rect (at -2 0 180) (size 2 1.6) (layers B.Cu B.Paste B.Mask)
      (net 11 "Net-(C8-Pad1)"))
    (pad 2 smd rect (at 2 0 180) (size 2 1.6) (layers B.Cu B.Paste B.Mask)
      (net 10 VDD))
    (model Capacitors_SMD.3dshapes/C_1206_HandSoldering.wrl
      (at (xyz 0 0 0))
      (scale (xyz 1 1 1))
      (rotate (xyz 0 0 0))
    )
  )

  (module Capacitors_SMD:C_1206_HandSoldering placed (layer B.Cu) (tedit 541A9C03) (tstamp 5580482A)
    (at 229.362 24.638 180)
    (descr "Capacitor SMD 1206, hand soldering")
    (tags "capacitor 1206")
    (path /556F238E)
    (attr smd)
    (fp_text reference C9 (at 0 2.3 180) (layer B.SilkS)
      (effects (font (size 1 1) (thickness 0.15)) (justify mirror))
    )
    (fp_text value 100nF (at 0 -2.3 180) (layer B.Fab)
      (effects (font (size 1 1) (thickness 0.15)) (justify mirror))
    )
    (fp_line (start -3.3 1.15) (end 3.3 1.15) (layer B.CrtYd) (width 0.05))
    (fp_line (start -3.3 -1.15) (end 3.3 -1.15) (layer B.CrtYd) (width 0.05))
    (fp_line (start -3.3 1.15) (end -3.3 -1.15) (layer B.CrtYd) (width 0.05))
    (fp_line (start 3.3 1.15) (end 3.3 -1.15) (layer B.CrtYd) (width 0.05))
    (fp_line (start 1 1.025) (end -1 1.025) (layer B.SilkS) (width 0.15))
    (fp_line (start -1 -1.025) (end 1 -1.025) (layer B.SilkS) (width 0.15))
    (pad 1 smd rect (at -2 0 180) (size 2 1.6) (layers B.Cu B.Paste B.Mask)
      (net 10 VDD))
    (pad 2 smd rect (at 2 0 180) (size 2 1.6) (layers B.Cu B.Paste B.Mask)
      (net 1 GND))
    (model Capacitors_SMD.3dshapes/C_1206_HandSoldering.wrl
      (at (xyz 0 0 0))
      (scale (xyz 1 1 1))
      (rotate (xyz 0 0 0))
    )
  )

  (module Capacitors_SMD:C_1206_HandSoldering placed (layer B.Cu) (tedit 5619241F) (tstamp 55804836)
    (at 243.078 47.244)
    (descr "Capacitor SMD 1206, hand soldering")
    (tags "capacitor 1206")
    (path /556F13DA)
    (attr smd)
    (fp_text reference C10 (at 0.254 -2.286) (layer B.SilkS)
      (effects (font (size 1 1) (thickness 0.15)) (justify mirror))
    )
    (fp_text value 22pF (at 0 -2.3) (layer B.Fab)
      (effects (font (size 1 1) (thickness 0.15)) (justify mirror))
    )
    (fp_line (start -3.3 1.15) (end 3.3 1.15) (layer B.CrtYd) (width 0.05))
    (fp_line (start -3.3 -1.15) (end 3.3 -1.15) (layer B.CrtYd) (width 0.05))
    (fp_line (start -3.3 1.15) (end -3.3 -1.15) (layer B.CrtYd) (width 0.05))
    (fp_line (start 3.3 1.15) (end 3.3 -1.15) (layer B.CrtYd) (width 0.05))
    (fp_line (start 1 1.025) (end -1 1.025) (layer B.SilkS) (width 0.15))
    (fp_line (start -1 -1.025) (end 1 -1.025) (layer B.SilkS) (width 0.15))
    (pad 1 smd rect (at -2 0) (size 2 1.6) (layers B.Cu B.Paste B.Mask)
      (net 12 "Net-(C10-Pad1)"))
    (pad 2 smd rect (at 2 0) (size 2 1.6) (layers B.Cu B.Paste B.Mask)
      (net 1 GND))
    (model Capacitors_SMD.3dshapes/C_1206_HandSoldering.wrl
      (at (xyz 0 0 0))
      (scale (xyz 1 1 1))
      (rotate (xyz 0 0 0))
    )
  )

  (module Capacitors_SMD:C_1206_HandSoldering placed (layer F.Cu) (tedit 541A9C03) (tstamp 55804842)
    (at 244.348 49.276 90)
    (descr "Capacitor SMD 1206, hand soldering")
    (tags "capacitor 1206")
    (path /556F1420)
    (attr smd)
    (fp_text reference C11 (at 0 -2.3 90) (layer F.SilkS)
      (effects (font (size 1 1) (thickness 0.15)))
    )
    (fp_text value 22pF (at 0 2.3 90) (layer F.Fab)
      (effects (font (size 1 1) (thickness 0.15)))
    )
    (fp_line (start -3.3 -1.15) (end 3.3 -1.15) (layer F.CrtYd) (width 0.05))
    (fp_line (start -3.3 1.15) (end 3.3 1.15) (layer F.CrtYd) (width 0.05))
    (fp_line (start -3.3 -1.15) (end -3.3 1.15) (layer F.CrtYd) (width 0.05))
    (fp_line (start 3.3 -1.15) (end 3.3 1.15) (layer F.CrtYd) (width 0.05))
    (fp_line (start 1 -1.025) (end -1 -1.025) (layer F.SilkS) (width 0.15))
    (fp_line (start -1 1.025) (end 1 1.025) (layer F.SilkS) (width 0.15))
    (pad 1 smd rect (at -2 0 90) (size 2 1.6) (layers F.Cu F.Paste F.Mask)
      (net 13 "Net-(C11-Pad1)"))
    (pad 2 smd rect (at 2 0 90) (size 2 1.6) (layers F.Cu F.Paste F.Mask)
      (net 1 GND))
    (model Capacitors_SMD.3dshapes/C_1206_HandSoldering.wrl
      (at (xyz 0 0 0))
      (scale (xyz 1 1 1))
      (rotate (xyz 0 0 0))
    )
  )

  (module Capacitors_SMD:C_1206_HandSoldering placed (layer B.Cu) (tedit 5619240D) (tstamp 5580484E)
    (at 251.333 57.277 90)
    (descr "Capacitor SMD 1206, hand soldering")
    (tags "capacitor 1206")
    (path /55704BCB)
    (attr smd)
    (fp_text reference C12 (at 4.699 0.381 180) (layer B.SilkS)
      (effects (font (size 1 1) (thickness 0.15)) (justify mirror))
    )
    (fp_text value 100nF (at 0 -2.3 90) (layer B.Fab)
      (effects (font (size 1 1) (thickness 0.15)) (justify mirror))
    )
    (fp_line (start -3.3 1.15) (end 3.3 1.15) (layer B.CrtYd) (width 0.05))
    (fp_line (start -3.3 -1.15) (end 3.3 -1.15) (layer B.CrtYd) (width 0.05))
    (fp_line (start -3.3 1.15) (end -3.3 -1.15) (layer B.CrtYd) (width 0.05))
    (fp_line (start 3.3 1.15) (end 3.3 -1.15) (layer B.CrtYd) (width 0.05))
    (fp_line (start 1 1.025) (end -1 1.025) (layer B.SilkS) (width 0.15))
    (fp_line (start -1 -1.025) (end 1 -1.025) (layer B.SilkS) (width 0.15))
    (pad 1 smd rect (at -2 0 90) (size 2 1.6) (layers B.Cu B.Paste B.Mask)
      (net 10 VDD))
    (pad 2 smd rect (at 2 0 90) (size 2 1.6) (layers B.Cu B.Paste B.Mask)
      (net 1 GND))
    (model Capacitors_SMD.3dshapes/C_1206_HandSoldering.wrl
      (at (xyz 0 0 0))
      (scale (xyz 1 1 1))
      (rotate (xyz 0 0 0))
    )
  )

  (module Capacitors_Tantalum_SMD:TantalC_SizeB_EIA-3528_HandSoldering placed (layer B.Cu) (tedit 0) (tstamp 5580485A)
    (at 264.16 42.672)
    (descr "Tantal Cap. , Size B, EIA-3528, Hand Soldering,")
    (tags "Tantal Cap. , Size B, EIA-3528, Hand Soldering,")
    (path /556F0C7F)
    (attr smd)
    (fp_text reference C13 (at -0.20066 3.29946) (layer B.SilkS)
      (effects (font (size 1 1) (thickness 0.15)) (justify mirror))
    )
    (fp_text value 2.2uF (at -0.09906 -3.59918) (layer B.Fab)
      (effects (font (size 1 1) (thickness 0.15)) (justify mirror))
    )
    (fp_text user + (at -4.70154 2.4003) (layer B.SilkS)
      (effects (font (size 1 1) (thickness 0.15)) (justify mirror))
    )
    (fp_line (start -4.20116 1.89992) (end -4.20116 -1.89992) (layer B.SilkS) (width 0.15))
    (fp_line (start 2.49936 1.89992) (end -2.49936 1.89992) (layer B.SilkS) (width 0.15))
    (fp_line (start 2.49682 -1.89992) (end -2.5019 -1.89992) (layer B.SilkS) (width 0.15))
    (fp_line (start -4.70408 2.90322) (end -4.70408 1.8034) (layer B.SilkS) (width 0.15))
    (fp_line (start -5.30352 2.40284) (end -4.10464 2.40284) (layer B.SilkS) (width 0.15))
    (pad 2 smd rect (at 2.12598 0) (size 3.1496 1.80086) (layers B.Cu B.Paste B.Mask)
      (net 1 GND))
    (pad 1 smd rect (at -2.12598 0) (size 3.1496 1.80086) (layers B.Cu B.Paste B.Mask)
      (net 14 "Net-(C13-Pad1)"))
    (model Capacitors_Tantalum_SMD.3dshapes/TantalC_SizeB_EIA-3528_HandSoldering.wrl
      (at (xyz 0 0 0))
      (scale (xyz 1 1 1))
      (rotate (xyz 0 0 180))
    )
  )

  (module Capacitors_Tantalum_SMD:TantalC_SizeB_EIA-3528_HandSoldering placed (layer F.Cu) (tedit 5619238E) (tstamp 55804866)
    (at 269 37)
    (descr "Tantal Cap. , Size B, EIA-3528, Hand Soldering,")
    (tags "Tantal Cap. , Size B, EIA-3528, Hand Soldering,")
    (path /556F0C33)
    (attr smd)
    (fp_text reference C14 (at -6.364 0.084) (layer F.SilkS)
      (effects (font (size 1 1) (thickness 0.15)))
    )
    (fp_text value 2.2uF (at -0.09906 3.59918) (layer F.Fab)
      (effects (font (size 1 1) (thickness 0.15)))
    )
    (fp_text user + (at -4.70154 -2.4003) (layer F.SilkS)
      (effects (font (size 1 1) (thickness 0.15)))
    )
    (fp_line (start -4.20116 -1.89992) (end -4.20116 1.89992) (layer F.SilkS) (width 0.15))
    (fp_line (start 2.49936 -1.89992) (end -2.49936 -1.89992) (layer F.SilkS) (width 0.15))
    (fp_line (start 2.49682 1.89992) (end -2.5019 1.89992) (layer F.SilkS) (width 0.15))
    (fp_line (start -4.70408 -2.90322) (end -4.70408 -1.8034) (layer F.SilkS) (width 0.15))
    (fp_line (start -5.30352 -2.40284) (end -4.10464 -2.40284) (layer F.SilkS) (width 0.15))
    (pad 2 smd rect (at 2.12598 0) (size 3.1496 1.80086) (layers F.Cu F.Paste F.Mask)
      (net 1 GND))
    (pad 1 smd rect (at -2.12598 0) (size 3.1496 1.80086) (layers F.Cu F.Paste F.Mask)
      (net 15 "Net-(C14-Pad1)"))
    (model Capacitors_Tantalum_SMD.3dshapes/TantalC_SizeB_EIA-3528_HandSoldering.wrl
      (at (xyz 0 0 0))
      (scale (xyz 1 1 1))
      (rotate (xyz 0 0 180))
    )
  )

  (module Capacitors_SMD:C_1206_HandSoldering placed (layer F.Cu) (tedit 56192391) (tstamp 55804872)
    (at 269 33)
    (descr "Capacitor SMD 1206, hand soldering")
    (tags "capacitor 1206")
    (path /556F0B8B)
    (attr smd)
    (fp_text reference C15 (at -5.348 -0.234) (layer F.SilkS)
      (effects (font (size 1 1) (thickness 0.15)))
    )
    (fp_text value 100nF (at 0 2.3) (layer F.Fab)
      (effects (font (size 1 1) (thickness 0.15)))
    )
    (fp_line (start -3.3 -1.15) (end 3.3 -1.15) (layer F.CrtYd) (width 0.05))
    (fp_line (start -3.3 1.15) (end 3.3 1.15) (layer F.CrtYd) (width 0.05))
    (fp_line (start -3.3 -1.15) (end -3.3 1.15) (layer F.CrtYd) (width 0.05))
    (fp_line (start 3.3 -1.15) (end 3.3 1.15) (layer F.CrtYd) (width 0.05))
    (fp_line (start 1 -1.025) (end -1 -1.025) (layer F.SilkS) (width 0.15))
    (fp_line (start -1 1.025) (end 1 1.025) (layer F.SilkS) (width 0.15))
    (pad 1 smd rect (at -2 0) (size 2 1.6) (layers F.Cu F.Paste F.Mask)
      (net 15 "Net-(C14-Pad1)"))
    (pad 2 smd rect (at 2 0) (size 2 1.6) (layers F.Cu F.Paste F.Mask)
      (net 1 GND))
    (model Capacitors_SMD.3dshapes/C_1206_HandSoldering.wrl
      (at (xyz 0 0 0))
      (scale (xyz 1 1 1))
      (rotate (xyz 0 0 0))
    )
  )

  (module Capacitors_SMD:C_1206_HandSoldering placed (layer B.Cu) (tedit 561921D7) (tstamp 5580487E)
    (at 258.572 29.718 270)
    (descr "Capacitor SMD 1206, hand soldering")
    (tags "capacitor 1206")
    (path /556F307C)
    (attr smd)
    (fp_text reference C16 (at -5.08 0 270) (layer B.SilkS)
      (effects (font (size 1 1) (thickness 0.15)) (justify mirror))
    )
    (fp_text value 100nF (at 0 -2.3 270) (layer B.Fab)
      (effects (font (size 1 1) (thickness 0.15)) (justify mirror))
    )
    (fp_line (start -3.3 1.15) (end 3.3 1.15) (layer B.CrtYd) (width 0.05))
    (fp_line (start -3.3 -1.15) (end 3.3 -1.15) (layer B.CrtYd) (width 0.05))
    (fp_line (start -3.3 1.15) (end -3.3 -1.15) (layer B.CrtYd) (width 0.05))
    (fp_line (start 3.3 1.15) (end 3.3 -1.15) (layer B.CrtYd) (width 0.05))
    (fp_line (start 1 1.025) (end -1 1.025) (layer B.SilkS) (width 0.15))
    (fp_line (start -1 -1.025) (end 1 -1.025) (layer B.SilkS) (width 0.15))
    (pad 1 smd rect (at -2 0 270) (size 2 1.6) (layers B.Cu B.Paste B.Mask)
      (net 10 VDD))
    (pad 2 smd rect (at 2 0 270) (size 2 1.6) (layers B.Cu B.Paste B.Mask)
      (net 1 GND))
    (model Capacitors_SMD.3dshapes/C_1206_HandSoldering.wrl
      (at (xyz 0 0 0))
      (scale (xyz 1 1 1))
      (rotate (xyz 0 0 0))
    )
  )

  (module Capacitors_Tantalum_SMD:TantalC_SizeB_EIA-3528_HandSoldering placed (layer B.Cu) (tedit 561A5C0B) (tstamp 5580488A)
    (at 260.096 50.038 270)
    (descr "Tantal Cap. , Size B, EIA-3528, Hand Soldering,")
    (tags "Tantal Cap. , Size B, EIA-3528, Hand Soldering,")
    (path /556F2B4C)
    (attr smd)
    (fp_text reference C17 (at 1.412 -3.754 540) (layer B.SilkS)
      (effects (font (size 1 1) (thickness 0.15)) (justify mirror))
    )
    (fp_text value 10uF (at -0.09906 -3.59918 270) (layer B.Fab)
      (effects (font (size 1 1) (thickness 0.15)) (justify mirror))
    )
    (fp_text user + (at -4.70154 2.4003 270) (layer B.SilkS)
      (effects (font (size 1 1) (thickness 0.15)) (justify mirror))
    )
    (fp_line (start -4.20116 1.89992) (end -4.20116 -1.89992) (layer B.SilkS) (width 0.15))
    (fp_line (start 2.49936 1.89992) (end -2.49936 1.89992) (layer B.SilkS) (width 0.15))
    (fp_line (start 2.49682 -1.89992) (end -2.5019 -1.89992) (layer B.SilkS) (width 0.15))
    (fp_line (start -4.70408 2.90322) (end -4.70408 1.8034) (layer B.SilkS) (width 0.15))
    (fp_line (start -5.30352 2.40284) (end -4.10464 2.40284) (layer B.SilkS) (width 0.15))
    (pad 2 smd rect (at 2.12598 0 270) (size 3.1496 1.80086) (layers B.Cu B.Paste B.Mask)
      (net 1 GND))
    (pad 1 smd rect (at -2.12598 0 270) (size 3.1496 1.80086) (layers B.Cu B.Paste B.Mask)
      (net 16 "Net-(C17-Pad1)"))
    (model Capacitors_Tantalum_SMD.3dshapes/TantalC_SizeB_EIA-3528_HandSoldering.wrl
      (at (xyz 0 0 0))
      (scale (xyz 1 1 1))
      (rotate (xyz 0 0 180))
    )
  )

  (module Housings_SSOP:SSOP-24_3.9x8.7mm_Pitch0.635mm placed (layer F.Cu) (tedit 5619239C) (tstamp 558048B1)
    (at 234.1524 58.548 270)
    (descr "SSOP24: plastic shrink small outline package; 24 leads; body width 3.9 mm; lead pitch 0.635; (see NXP SSOP-TSSOP-VSO-REFLOW.pdf and sot556-1_po.pdf)")
    (tags "SSOP 0.635")
    (path /556F7EEA)
    (attr smd)
    (fp_text reference IC1 (at -2.16 -5.6236 270) (layer F.SilkS)
      (effects (font (size 1 1) (thickness 0.15)))
    )
    (fp_text value SI4735-D60 (at 0 5.4 270) (layer F.Fab)
      (effects (font (size 1 1) (thickness 0.15)))
    )
    (fp_line (start -3.45 -4.65) (end -3.45 4.65) (layer F.CrtYd) (width 0.05))
    (fp_line (start 3.45 -4.65) (end 3.45 4.65) (layer F.CrtYd) (width 0.05))
    (fp_line (start -3.45 -4.65) (end 3.45 -4.65) (layer F.CrtYd) (width 0.05))
    (fp_line (start -3.45 4.65) (end 3.45 4.65) (layer F.CrtYd) (width 0.05))
    (fp_line (start -2.075 -4.475) (end -2.075 -3.9175) (layer F.SilkS) (width 0.15))
    (fp_line (start 2.075 -4.475) (end 2.075 -3.9175) (layer F.SilkS) (width 0.15))
    (fp_line (start 2.075 4.475) (end 2.075 3.9175) (layer F.SilkS) (width 0.15))
    (fp_line (start -2.075 4.475) (end -2.075 3.9175) (layer F.SilkS) (width 0.15))
    (fp_line (start -2.075 -4.475) (end 2.075 -4.475) (layer F.SilkS) (width 0.15))
    (fp_line (start -2.075 4.475) (end 2.075 4.475) (layer F.SilkS) (width 0.15))
    (fp_line (start -2.075 -3.9175) (end -3.2 -3.9175) (layer F.SilkS) (width 0.15))
    (pad 1 smd rect (at -2.6 -3.4925 270) (size 1.2 0.4) (layers F.Cu F.Paste F.Mask)
      (net 17 "Net-(IC1-Pad1)"))
    (pad 2 smd rect (at -2.6 -2.8575 270) (size 1.2 0.4) (layers F.Cu F.Paste F.Mask)
      (net 18 "Net-(IC1-Pad2)"))
    (pad 3 smd rect (at -2.6 -2.2225 270) (size 1.2 0.4) (layers F.Cu F.Paste F.Mask)
      (net 19 "Net-(IC1-Pad3)"))
    (pad 4 smd rect (at -2.6 -1.5875 270) (size 1.2 0.4) (layers F.Cu F.Paste F.Mask))
    (pad 5 smd rect (at -2.6 -0.9525 270) (size 1.2 0.4) (layers F.Cu F.Paste F.Mask))
    (pad 6 smd rect (at -2.6 -0.3175 270) (size 1.2 0.4) (layers F.Cu F.Paste F.Mask))
    (pad 7 smd rect (at -2.6 0.3175 270) (size 1.2 0.4) (layers F.Cu F.Paste F.Mask))
    (pad 8 smd rect (at -2.6 0.9525 270) (size 1.2 0.4) (layers F.Cu F.Paste F.Mask)
      (net 4 "Net-(C2-Pad2)"))
    (pad 9 smd rect (at -2.6 1.5875 270) (size 1.2 0.4) (layers F.Cu F.Paste F.Mask)
      (net 1 GND))
    (pad 10 smd rect (at -2.6 2.2225 270) (size 1.2 0.4) (layers F.Cu F.Paste F.Mask)
      (net 1 GND))
    (pad 11 smd rect (at -2.6 2.8575 270) (size 1.2 0.4) (layers F.Cu F.Paste F.Mask)
      (net 1 GND))
    (pad 12 smd rect (at -2.6 3.4925 270) (size 1.2 0.4) (layers F.Cu F.Paste F.Mask)
      (net 6 "Net-(C3-Pad2)"))
    (pad 13 smd rect (at 2.6 3.4925 270) (size 1.2 0.4) (layers F.Cu F.Paste F.Mask)
      (net 1 GND))
    (pad 14 smd rect (at 2.6 2.8575 270) (size 1.2 0.4) (layers F.Cu F.Paste F.Mask)
      (net 1 GND))
    (pad 15 smd rect (at 2.6 2.2225 270) (size 1.2 0.4) (layers F.Cu F.Paste F.Mask)
      (net 20 /RST))
    (pad 16 smd rect (at 2.6 1.5875 270) (size 1.2 0.4) (layers F.Cu F.Paste F.Mask)
      (net 1 GND))
    (pad 17 smd rect (at 2.6 0.9525 270) (size 1.2 0.4) (layers F.Cu F.Paste F.Mask)
      (net 21 /SCLK))
    (pad 18 smd rect (at 2.6 0.3175 270) (size 1.2 0.4) (layers F.Cu F.Paste F.Mask)
      (net 22 /SDA))
    (pad 19 smd rect (at 2.6 -0.3175 270) (size 1.2 0.4) (layers F.Cu F.Paste F.Mask))
    (pad 20 smd rect (at 2.6 -0.9525 270) (size 1.2 0.4) (layers F.Cu F.Paste F.Mask)
      (net 10 VDD))
    (pad 21 smd rect (at 2.6 -1.5875 270) (size 1.2 0.4) (layers F.Cu F.Paste F.Mask)
      (net 10 VDD))
    (pad 22 smd rect (at 2.6 -2.2225 270) (size 1.2 0.4) (layers F.Cu F.Paste F.Mask)
      (net 9 "Net-(C6-Pad1)"))
    (pad 23 smd rect (at 2.6 -2.8575 270) (size 1.2 0.4) (layers F.Cu F.Paste F.Mask))
    (pad 24 smd rect (at 2.6 -3.4925 270) (size 1.2 0.4) (layers F.Cu F.Paste F.Mask))
    (model Housings_SSOP.3dshapes/SSOP-24_3.9x8.7mm_Pitch0.635mm.wrl
      (at (xyz 0 0 0))
      (scale (xyz 1 1 1))
      (rotate (xyz 0 0 0))
    )
  )

  (module Housings_SSOP:SSOP-24_3.9x8.7mm_Pitch0.635mm placed (layer B.Cu) (tedit 56192442) (tstamp 558048D8)
    (at 234.6524 31.048 90)
    (descr "SSOP24: plastic shrink small outline package; 24 leads; body width 3.9 mm; lead pitch 0.635; (see NXP SSOP-TSSOP-VSO-REFLOW.pdf and sot556-1_po.pdf)")
    (tags "SSOP 0.635")
    (path /55675B3B)
    (attr smd)
    (fp_text reference IC2 (at -0.956 5.6316 90) (layer B.SilkS)
      (effects (font (size 1 1) (thickness 0.15)) (justify mirror))
    )
    (fp_text value SI4735-D60 (at 0 -5.4 90) (layer B.Fab)
      (effects (font (size 1 1) (thickness 0.15)) (justify mirror))
    )
    (fp_line (start -3.45 4.65) (end -3.45 -4.65) (layer B.CrtYd) (width 0.05))
    (fp_line (start 3.45 4.65) (end 3.45 -4.65) (layer B.CrtYd) (width 0.05))
    (fp_line (start -3.45 4.65) (end 3.45 4.65) (layer B.CrtYd) (width 0.05))
    (fp_line (start -3.45 -4.65) (end 3.45 -4.65) (layer B.CrtYd) (width 0.05))
    (fp_line (start -2.075 4.475) (end -2.075 3.9175) (layer B.SilkS) (width 0.15))
    (fp_line (start 2.075 4.475) (end 2.075 3.9175) (layer B.SilkS) (width 0.15))
    (fp_line (start 2.075 -4.475) (end 2.075 -3.9175) (layer B.SilkS) (width 0.15))
    (fp_line (start -2.075 -4.475) (end -2.075 -3.9175) (layer B.SilkS) (width 0.15))
    (fp_line (start -2.075 4.475) (end 2.075 4.475) (layer B.SilkS) (width 0.15))
    (fp_line (start -2.075 -4.475) (end 2.075 -4.475) (layer B.SilkS) (width 0.15))
    (fp_line (start -2.075 3.9175) (end -3.2 3.9175) (layer B.SilkS) (width 0.15))
    (pad 1 smd rect (at -2.6 3.4925 90) (size 1.2 0.4) (layers B.Cu B.Paste B.Mask)
      (net 23 "Net-(IC2-Pad1)"))
    (pad 2 smd rect (at -2.6 2.8575 90) (size 1.2 0.4) (layers B.Cu B.Paste B.Mask)
      (net 24 "Net-(IC2-Pad2)"))
    (pad 3 smd rect (at -2.6 2.2225 90) (size 1.2 0.4) (layers B.Cu B.Paste B.Mask)
      (net 25 "Net-(IC2-Pad3)"))
    (pad 4 smd rect (at -2.6 1.5875 90) (size 1.2 0.4) (layers B.Cu B.Paste B.Mask))
    (pad 5 smd rect (at -2.6 0.9525 90) (size 1.2 0.4) (layers B.Cu B.Paste B.Mask))
    (pad 6 smd rect (at -2.6 0.3175 90) (size 1.2 0.4) (layers B.Cu B.Paste B.Mask))
    (pad 7 smd rect (at -2.6 -0.3175 90) (size 1.2 0.4) (layers B.Cu B.Paste B.Mask))
    (pad 8 smd rect (at -2.6 -0.9525 90) (size 1.2 0.4) (layers B.Cu B.Paste B.Mask)
      (net 7 "Net-(C4-Pad2)"))
    (pad 9 smd rect (at -2.6 -1.5875 90) (size 1.2 0.4) (layers B.Cu B.Paste B.Mask)
      (net 1 GND))
    (pad 10 smd rect (at -2.6 -2.2225 90) (size 1.2 0.4) (layers B.Cu B.Paste B.Mask)
      (net 1 GND))
    (pad 11 smd rect (at -2.6 -2.8575 90) (size 1.2 0.4) (layers B.Cu B.Paste B.Mask)
      (net 1 GND))
    (pad 12 smd rect (at -2.6 -3.4925 90) (size 1.2 0.4) (layers B.Cu B.Paste B.Mask)
      (net 8 "Net-(C5-Pad2)"))
    (pad 13 smd rect (at 2.6 -3.4925 90) (size 1.2 0.4) (layers B.Cu B.Paste B.Mask)
      (net 1 GND))
    (pad 14 smd rect (at 2.6 -2.8575 90) (size 1.2 0.4) (layers B.Cu B.Paste B.Mask)
      (net 1 GND))
    (pad 15 smd rect (at 2.6 -2.2225 90) (size 1.2 0.4) (layers B.Cu B.Paste B.Mask)
      (net 20 /RST))
    (pad 16 smd rect (at 2.6 -1.5875 90) (size 1.2 0.4) (layers B.Cu B.Paste B.Mask)
      (net 10 VDD))
    (pad 17 smd rect (at 2.6 -0.9525 90) (size 1.2 0.4) (layers B.Cu B.Paste B.Mask)
      (net 21 /SCLK))
    (pad 18 smd rect (at 2.6 -0.3175 90) (size 1.2 0.4) (layers B.Cu B.Paste B.Mask)
      (net 22 /SDA))
    (pad 19 smd rect (at 2.6 0.3175 90) (size 1.2 0.4) (layers B.Cu B.Paste B.Mask))
    (pad 20 smd rect (at 2.6 0.9525 90) (size 1.2 0.4) (layers B.Cu B.Paste B.Mask)
      (net 10 VDD))
    (pad 21 smd rect (at 2.6 1.5875 90) (size 1.2 0.4) (layers B.Cu B.Paste B.Mask)
      (net 10 VDD))
    (pad 22 smd rect (at 2.6 2.2225 90) (size 1.2 0.4) (layers B.Cu B.Paste B.Mask)
      (net 11 "Net-(C8-Pad1)"))
    (pad 23 smd rect (at 2.6 2.8575 90) (size 1.2 0.4) (layers B.Cu B.Paste B.Mask))
    (pad 24 smd rect (at 2.6 3.4925 90) (size 1.2 0.4) (layers B.Cu B.Paste B.Mask))
    (model Housings_SSOP.3dshapes/SSOP-24_3.9x8.7mm_Pitch0.635mm.wrl
      (at (xyz 0 0 0))
      (scale (xyz 1 1 1))
      (rotate (xyz 0 0 0))
    )
  )

  (module Power_Integrations:SO-8 placed (layer B.Cu) (tedit 5619221B) (tstamp 558048EA)
    (at 269 35)
    (descr "SO-8 Surface Mount Small Outline 150mil 8pin Package")
    (tags "Power Integrations D Package")
    (path /55675A72)
    (fp_text reference IC3 (at 4.05 0.052) (layer B.SilkS)
      (effects (font (size 1 1) (thickness 0.15)) (justify mirror))
    )
    (fp_text value LE33-SMT (at 0 0) (layer B.Fab)
      (effects (font (size 1 1) (thickness 0.15)) (justify mirror))
    )
    (fp_circle (center -1.905 -0.762) (end -1.778 -0.762) (layer B.SilkS) (width 0.15))
    (fp_line (start -2.54 -1.397) (end 2.54 -1.397) (layer B.SilkS) (width 0.15))
    (fp_line (start -2.54 1.905) (end 2.54 1.905) (layer B.SilkS) (width 0.15))
    (fp_line (start -2.54 -1.905) (end 2.54 -1.905) (layer B.SilkS) (width 0.15))
    (fp_line (start -2.54 -1.905) (end -2.54 1.905) (layer B.SilkS) (width 0.15))
    (fp_line (start 2.54 -1.905) (end 2.54 1.905) (layer B.SilkS) (width 0.15))
    (pad 1 smd oval (at -1.905 -2.794) (size 0.6096 1.4732) (layers B.Cu B.Paste B.Mask)
      (net 10 VDD))
    (pad 2 smd oval (at -0.635 -2.794) (size 0.6096 1.4732) (layers B.Cu B.Paste B.Mask)
      (net 1 GND))
    (pad 3 smd oval (at 0.635 -2.794) (size 0.6096 1.4732) (layers B.Cu B.Paste B.Mask)
      (net 1 GND))
    (pad 4 smd oval (at 1.905 -2.794) (size 0.6096 1.4732) (layers B.Cu B.Paste B.Mask))
    (pad 5 smd oval (at 1.905 2.794) (size 0.6096 1.4732) (layers B.Cu B.Paste B.Mask)
      (net 1 GND))
    (pad 6 smd oval (at 0.635 2.794) (size 0.6096 1.4732) (layers B.Cu B.Paste B.Mask)
      (net 1 GND))
    (pad 7 smd oval (at -0.635 2.794) (size 0.6096 1.4732) (layers B.Cu B.Paste B.Mask)
      (net 1 GND))
    (pad 8 smd oval (at -1.905 2.794) (size 0.6096 1.4732) (layers B.Cu B.Paste B.Mask)
      (net 15 "Net-(C14-Pad1)"))
  )

  (module Resistors_SMD:R_1210_HandSoldering placed (layer B.Cu) (tedit 5418A32D) (tstamp 558048F6)
    (at 262 37 90)
    (descr "Resistor SMD 1210, hand soldering")
    (tags "resistor 1210")
    (path /556F096F)
    (attr smd)
    (fp_text reference L1 (at 0 2.7 90) (layer B.SilkS)
      (effects (font (size 1 1) (thickness 0.15)) (justify mirror))
    )
    (fp_text value 10uH (at 0 -2.7 90) (layer B.Fab)
      (effects (font (size 1 1) (thickness 0.15)) (justify mirror))
    )
    (fp_line (start -3.3 1.6) (end 3.3 1.6) (layer B.CrtYd) (width 0.05))
    (fp_line (start -3.3 -1.6) (end 3.3 -1.6) (layer B.CrtYd) (width 0.05))
    (fp_line (start -3.3 1.6) (end -3.3 -1.6) (layer B.CrtYd) (width 0.05))
    (fp_line (start 3.3 1.6) (end 3.3 -1.6) (layer B.CrtYd) (width 0.05))
    (fp_line (start 1 -1.475) (end -1 -1.475) (layer B.SilkS) (width 0.15))
    (fp_line (start -1 1.475) (end 1 1.475) (layer B.SilkS) (width 0.15))
    (pad 1 smd rect (at -2 0 90) (size 2 2.5) (layers B.Cu B.Paste B.Mask)
      (net 14 "Net-(C13-Pad1)"))
    (pad 2 smd rect (at 2 0 90) (size 2 2.5) (layers B.Cu B.Paste B.Mask)
      (net 15 "Net-(C14-Pad1)"))
    (model Resistors_SMD.3dshapes/R_1210_HandSoldering.wrl
      (at (xyz 0 0 0))
      (scale (xyz 1 1 1))
      (rotate (xyz 0 0 0))
    )
  )

  (module Housings_DIP:DIP-28_W7.62mm placed (layer F.Cu) (tedit 561921CC) (tstamp 55804921)
    (at 248 29)
    (descr "28-lead dip package, row spacing 7.62 mm (300 mils)")
    (tags "dil dip 2.54 300")
    (path /55675407)
    (fp_text reference MCU1 (at 3.714 -3.854) (layer F.SilkS)
      (effects (font (size 1 1) (thickness 0.15)))
    )
    (fp_text value PIC32MX220F032B (at 0 -3.72) (layer F.Fab)
      (effects (font (size 1 1) (thickness 0.15)))
    )
    (fp_line (start -1.05 -2.45) (end -1.05 35.5) (layer F.CrtYd) (width 0.05))
    (fp_line (start 8.65 -2.45) (end 8.65 35.5) (layer F.CrtYd) (width 0.05))
    (fp_line (start -1.05 -2.45) (end 8.65 -2.45) (layer F.CrtYd) (width 0.05))
    (fp_line (start -1.05 35.5) (end 8.65 35.5) (layer F.CrtYd) (width 0.05))
    (fp_line (start 0.135 -2.295) (end 0.135 -1.025) (layer F.SilkS) (width 0.15))
    (fp_line (start 7.485 -2.295) (end 7.485 -1.025) (layer F.SilkS) (width 0.15))
    (fp_line (start 7.485 35.315) (end 7.485 34.045) (layer F.SilkS) (width 0.15))
    (fp_line (start 0.135 35.315) (end 0.135 34.045) (layer F.SilkS) (width 0.15))
    (fp_line (start 0.135 -2.295) (end 7.485 -2.295) (layer F.SilkS) (width 0.15))
    (fp_line (start 0.135 35.315) (end 7.485 35.315) (layer F.SilkS) (width 0.15))
    (fp_line (start 0.135 -1.025) (end -0.8 -1.025) (layer F.SilkS) (width 0.15))
    (pad 1 thru_hole oval (at 0 0) (size 1.6 1.6) (drill 0.8) (layers *.Cu *.Mask F.SilkS)
      (net 26 "Net-(MCU1-Pad1)"))
